0
Total No. of services are not appended in iteration, total number of services:418,number of services appended:0
365


366


92


367


368


369


93


276


370


371


372


277


373


374


278


375


94


376


378


377


185


95


0


279


379


96


1


280


2


97


380


98


3


186


381


382


99


281


187


383


100


282


4


188


101


5


283


189


384


102


6


284


190


103


7


191


285


8


286


192


104


9


287


105


10


288


193


106


11


289


194


107


12


290


108


195


13


291


109


196


14


110


197


292


198


111


15


293


199


112


16


294


200


113


17


295


114


201


18


296


202


19


297


115


203


20


298


116


21


299


117


204


22


300


118


205


23


301


119


206


24


302


120


207


25


121


208


303


122


209


26


304


123


210


27


305


124


211


28


306


125


212


29


307


213


30


308


126


214


31


309


127


32


310


128


215


33


311


129


216


34


312


130


217


35


313


131


218


36


132


219


314


133


220


37


315


134


221


38


316


135


222


317


39


136


223


40


318


224


319


41


137


225


42


320


138


321


43


139


226


44


322


140


227


323


45


141


228


46


324


142


229


47


143


230


325


144


231


48


326


145


232


49


327


146


233


328


50


147


234


329


51


235


330


52


148


236


331


53


149


332


54


150


237


333


55


151


238


334


56


152


239


335


57


153


240


58


154


241


336


155


242


337


59


156


243


338


60


157


244


339


61


158


245


340


62


246


341


63


159


247


342


64


160


343


65


161


248


344


66


162


249


345


67


163


250


346


68


164


251


69


165


252


347


166


253


348


70


167


254


349


71


168


350


255


72


169


351


256


73


352


257


74


170


353


258


75


171


354


76


172


259


355


173


77


260


356


174


78


261


357


79


175


262


80


176


358


263


177


359


264


178


81


265


360


82


179


385


266


83


180


361


267


84


386


268


85


181


387


269


86


182


362


87


183


388


389


88


363


390


184


270


89


364


391


271


90


272


91


392


273


393


394


395


396


274


397


398


399


400


401


402


403


404


405


406


275


407


408


409


410


411


412


413


414


415


416


417


Model Runner Process finished with return code 0

